LINES
pieces = [[[0, 0, 0], [0, 0, 0], [0, 0, 0]], [[0, 1, 0], [1, 1, 1], [0, 1, 0]], [[0, 1, 0], [0, 1, 0], [0, 1, 0]], [[0, 0, 0], [1, 1, 1], [0, 0, 0]], [[0, 1, 0], [1, 1, 0], [0, 0, 0]], [[0, 0, 0], [1, 1, 0], [0, 1, 0]], [[0, 0, 0], [0, 1, 1], [0, 1, 0]], [[0, 1, 0], [0, 1, 1], [0, 0, 0]]]
ex_grid = [[0, 0, 0, 0, 0, 0, 6, 3, 3, 3, 3, 5, 0, 0, 0, 0, 0, 0, 0, 0], [0, 0, 0, 0, 0, 0, 2, 6, 3, 3, 5, 2, 0, 0, 0, 0, 0, 6, 5, 0], [0, 0, 0, 0, 0, 0, 2, 2, 0, 0, 2, 2, 0, 0, 0, 0, 0, 2, 2, 0], [0, 0, 0, 0, 0, 0, 2, 2, 0, 0, 7, 1, 5, 0, 0, 0, 6, 1, 4, 0], [0, 0, 0, 6, 5, 0, 2, 2, 0, 0, 0, 2, 2, 0, 0, 0, 2, 2, 0, 0], [0, 0, 0, 2, 7, 3, 4, 2, 0, 0, 0, 2, 2, 0, 0, 0, 2, 2, 0, 0], [0, 0, 0, 2, 0, 0, 0, 7, 3, 5, 0, 2, 2, 0, 0, 0, 2, 7, 5, 0], [0, 0, 0, 7, 3, 3, 5, 0, 0, 2, 0, 2, 2, 0, 0, 0, 2, 6, 4, 0], [0, 0, 0, 0, 0, 0, 2, 0, 0, 2, 0, 2, 2, 0, 0, 0, 2, 2, 0, 0], [0, 0, 0, 0, 0, 0, 2, 0, 0, 2, 0, 2, 2, 0, 0, 6, 1, 4, 0, 0], [0, 0, 6, 3, 3, 3, 1, 3, 3, 1, 3, 1, 1, 3, 3, 1, 4, 0, 0, 0], [0, 0, 7, 3, 5, 0, 2, 6, 3, 1, 3, 4, 2, 0, 0, 2, 0, 0, 0, 0], [0, 0, 0, 0, 2, 0, 2, 7, 3, 1, 3, 3, 4, 0, 0, 2, 0, 0, 0, 0], [0, 0, 0, 0, 7, 5, 2, 0, 0, 2, 0, 0, 0, 0, 0, 2, 0, 0, 0, 0], [0, 0, 0, 0, 0, 2, 2, 0, 0, 7, 5, 0, 0, 0, 0, 2, 0, 0, 0, 0], [0, 0, 0, 0, 0, 2, 7, 3, 3, 3, 1, 3, 3, 3, 3, 4, 0, 0, 0, 0], [0, 0, 0, 0, 0, 7, 3, 3, 3, 3, 4, 0, 0, 0, 0, 0, 0, 0, 0, 0], [0, 0, 0, 0, 0, 0, 0, 0, 0, 0, 0, 0, 0, 0, 0, 0, 0, 0, 0, 0], [0, 0, 0, 0, 0, 0, 0, 0, 0, 0, 0, 0, 0, 0, 0, 0, 0, 0, 0, 0], [0, 0, 0, 0, 0, 0, 0, 0, 0, 0, 0, 0, 0, 0, 0, 0, 0, 0, 0, 0]]
colors = {-1: (0, 0, 0), 0: (60, 20, 10), 1: (230, 20, 50)}
piece_size = 3

EXPLORE THE CAVES
pieces = [[[0, 0, 0, 0, 0, 0, 0, 0], [0, 0, 0, 0, 0, 0, 0, 0], [0, 0, 0, 0, 0, 0, 0, 0], [0, 0, 0, 0, 0, 0, 0, 0], [0, 0, 0, 0, 0, 0, 0, 0], [0, 0, 0, 0, 0, 0, 0, 0], [0, 0, 0, 0, 0, 0, 0, 0], [0, 0, 0, 0, 0, 0, 0, 0]], [[4, 4, 4, 4, 4, 4, 4, 2], [2, 4, 4, 2, 4, 4, 2, 2], [2, 4, 2, 2, 2, 4, 2, 2], [4, 4, 2, 2, 2, 4, 4, 4], [4, 4, 4, 2, 4, 4, 2, 2], [2, 4, 4, 4, 4, 2, 2, 2], [4, 4, 4, 4, 4, 4, 2, 2], [4, 4, 4, 4, 4, 4, 4, 4]], [[0, 0, 0, 0, 0, 0, 0, 0], [3, 3, 3, 3, 3, 3, 3, 3], [3, 0, 3, 0, 3, 0, 3, 0], [3, 0, 3, 0, 3, 0, 3, 0], [3, 0, 3, 0, 3, 0, 3, 0], [3, 0, 3, 0, 3, 0, 3, 0], [3, 3, 3, 3, 3, 3, 3, 3], [0, 0, 0, 0, 0, 0, 0, 0]], [[0, 0, 2, 4, 4, 4, 4, 4], [0, 1, 1, 1, 4, 1, 1, 4], [0, 2, 2, 1, 4, 2, 1, 4], [0, 2, 2, 1, 1, 4, 1, 4], [0, 2, 2, 1, 1, 4, 1, 4], [0, 2, 2, 1, 4, 2, 1, 4], [0, 1, 1, 1, 4, 1, 1, 4], [0, 0, 2, 4, 4, 4, 4, 4]], [[0, 0, 0, 0, 0, 0, 0, 2], [0, 0, 0, 0, 3, 0, 2, 0], [0, 0, 0, 0, 1, 3, 0, 0], [0, 0, 0, 1, 1, 1, 3, 0], [0, 0, 1, 1, 1, 0, 0, 0], [0, 1, 1, 1, 0, 0, 0, 0], [0, 1, 1, 0, 0, 0, 0, 0], [0, 0, 0, 0, 0, 0, 0, 0]]]
ex_grid = [[0, 0, 0, 0, 0, 0, 0, 0, 0, 0, 0, 0, 0, 0, 0, 0, 0, 0, 0, 0], [0, 0, 0, 0, 0, 1, 1, 0, 0, 0, 0, 0, 0, 0, 0, 0, 0, 0, 0, 0], [0, 0, 0, 0, 3, 1, 1, 0, 0, 0, 1, 0, 0, 0, 0, 0, 0, 0, 0, 0], [0, 0, 0, 0, 0, 1, 1, 0, 0, 3, 1, 0, 0, 0, 0, 0, 0, 0, 0, 0], [0, 0, 0, 0, 4, 1, 1, 0, 0, 0, 1, 0, 0, 0, 0, 0, 1, 1, 0, 0], [0, 2, 2, 2, 2, 2, 2, 2, 2, 2, 1, 0, 0, 0, 0, 0, 1, 1, 0, 0], [3, 1, 1, 0, 0, 0, 0, 0, 0, 0, 2, 2, 2, 2, 2, 2, 1, 1, 0, 0], [0, 1, 1, 0, 0, 0, 0, 0, 0, 0, 0, 0, 0, 0, 0, 3, 1, 1, 0, 0], [0, 1, 1, 0, 0, 0, 0, 0, 0, 0, 2, 2, 2, 2, 2, 2, 1, 1, 0, 0], [0, 1, 1, 0, 0, 0, 0, 0, 0, 4, 1, 1, 1, 0, 0, 4, 1, 1, 0, 0], [0, 2, 2, 2, 1, 1, 0, 0, 2, 2, 1, 1, 1, 0, 0, 0, 1, 1, 0, 0], [0, 0, 0, 3, 1, 1, 0, 0, 1, 0, 1, 1, 1, 0, 0, 0, 0, 0, 0, 0], [0, 0, 0, 0, 1, 1, 0, 4, 1, 0, 1, 1, 1, 0, 0, 0, 0, 0, 0, 0], [0, 0, 0, 0, 1, 1, 0, 0, 1, 0, 1, 1, 1, 0, 0, 0, 0, 0, 0, 0], [0, 0, 0, 0, 1, 1, 0, 0, 1, 3, 1, 1, 1, 0, 3, 1, 1, 1, 0, 0], [0, 0, 0, 0, 1, 1, 0, 0, 1, 0, 1, 1, 1, 0, 0, 1, 1, 1, 0, 0], [0, 0, 0, 4, 1, 1, 0, 0, 1, 0, 2, 2, 2, 2, 2, 1, 1, 1, 0, 0], [0, 0, 0, 0, 1, 1, 0, 0, 1, 0, 0, 0, 0, 0, 0, 0, 0, 0, 0, 0], [0, 0, 0, 0, 2, 2, 2, 2, 1, 0, 0, 0, 0, 0, 0, 0, 0, 0, 0, 0], [0, 0, 0, 0, 0, 0, 0, 0, 0, 0, 0, 0, 0, 0, 0, 0, 0, 0, 0, 0]]
colors = {-1: (0, 0, 0), 0: '#1C2730', 1: '#6C4E23', 2: '#535B60', 3:'#999DA8', 4: '#2D4447'}
piece_size = 8

DARK CITY
pieces = [[[0, 0, 0], [0, 0, 0], [0, 0, 0]], [[1, 1, 1], [1, 1, 1], [1, 1, 1]], [[2, 2, 2], [2, 3, 2], [2, 2, 2]], [[2, 2, 2], [2, 2, 2], [2, 2, 2]], [[4, 4, 4], [4, 4, 4], [4, 4, 4]]]
ex_grid = [[0, 0, 4, 0, 0, 0, 0, 0, 0, 0, 0, 0, 0, 0, 0, 0, 0, 0, 1, 1], [0, 4, 4, 4, 0, 0, 0, 0, 0, 0, 0, 0, 0, 0, 0, 0, 0, 0, 1, 1], [0, 4, 4, 4, 0, 0, 0, 0, 0, 0, 0, 3, 3, 3, 3, 3, 3, 3, 1, 1], [0, 4, 4, 4, 0, 0, 0, 0, 0, 0, 0, 3, 2, 2, 2, 2, 2, 2, 1, 1], [0, 4, 4, 4, 0, 0, 0, 0, 0, 0, 0, 3, 3, 3, 3, 3, 3, 3, 1, 1], [0, 4, 4, 4, 0, 0, 0, 0, 0, 0, 0, 0, 0, 0, 0, 0, 0, 0, 1, 1], [0, 0, 4, 0, 0, 0, 4, 0, 0, 0, 0, 0, 0, 0, 0, 0, 0, 0, 1, 1], [0, 0, 0, 0, 0, 4, 4, 0, 0, 0, 0, 0, 0, 0, 0, 0, 0, 0, 1, 1], [0, 0, 0, 0, 0, 4, 4, 0, 0, 0, 0, 0, 0, 0, 0, 0, 0, 1, 1, 1], [0, 0, 0, 0, 0, 4, 4, 0, 3, 3, 3, 3, 3, 3, 3, 3, 3, 1, 1, 1], [0, 0, 0, 0, 0, 0, 4, 0, 3, 2, 2, 2, 2, 2, 2, 2, 2, 1, 1, 1], [0, 0, 0, 0, 0, 0, 0, 0, 3, 3, 3, 3, 3, 3, 3, 3, 3, 1, 1, 1], [0, 0, 0, 0, 0, 0, 0, 0, 0, 0, 0, 0, 0, 0, 0, 0, 0, 1, 1, 1], [0, 0, 4, 4, 0, 0, 0, 0, 0, 0, 0, 0, 0, 0, 0, 0, 0, 1, 1, 1], [0, 4, 4, 4, 0, 0, 0, 0, 0, 0, 0, 0, 0, 0, 0, 0, 0, 0, 1, 1], [0, 4, 4, 4, 0, 0, 0, 0, 0, 0, 0, 0, 0, 0, 0, 0, 0, 0, 1, 1], [0, 0, 4, 4, 0, 0, 0, 0, 0, 0, 0, 0, 3, 3, 3, 3, 3, 3, 1, 1], [0, 0, 0, 0, 0, 0, 0, 0, 0, 0, 0, 0, 3, 2, 2, 2, 2, 2, 1, 1], [0, 0, 0, 0, 0, 0, 0, 0, 0, 0, 0, 0, 3, 3, 3, 3, 3, 3, 1, 1], [0, 0, 0, 0, 0, 0, 0, 0, 0, 0, 0, 0, 0, 0, 0, 0, 0, 0, 1, 1]]
colors = {-1: (0, 0, 0), 0: '#1C2730', 1: '#6C4E23', 2: '#535B60', 3: '#999DA8', 4: '#2D4447'}
piece_size = 3

FLOWERS
pieces = [[[0]], [[1]], [[2]], [[3]]]
ex_grid = [[0, 0, 0, 0, 0, 0, 0, 0, 0, 0, 0, 0, 0, 0, 0, 0, 0, 0, 0, 0], [0, 0, 0, 2, 0, 0, 0, 0, 0, 0, 0, 0, 2, 0, 0, 0, 0, 0, 0, 0], [0, 0, 2, 3, 2, 1, 1, 1, 0, 0, 0, 2, 3, 2, 1, 1, 0, 0, 0, 0], [0, 0, 0, 2, 0, 0, 0, 1, 1, 1, 0, 0, 2, 0, 0, 1, 1, 0, 0, 0], [0, 0, 0, 0, 0, 0, 0, 0, 0, 1, 1, 0, 0, 0, 0, 0, 1, 0, 0, 0], [0, 0, 0, 0, 0, 0, 0, 0, 0, 0, 1, 1, 0, 0, 0, 0, 1, 0, 0, 0], [0, 0, 0, 0, 0, 0, 0, 0, 0, 0, 0, 1, 0, 0, 0, 0, 1, 0, 0, 0], [0, 0, 0, 0, 0, 0, 0, 0, 0, 2, 0, 1, 0, 0, 0, 0, 1, 0, 0, 0], [0, 0, 0, 0, 0, 0, 0, 0, 2, 3, 2, 1, 0, 0, 0, 1, 1, 0, 0, 0], [0, 0, 0, 0, 0, 0, 0, 0, 0, 2, 0, 1, 0, 0, 0, 1, 0, 0, 0, 0], [0, 0, 0, 0, 0, 0, 0, 0, 0, 0, 1, 1, 1, 0, 1, 1, 0, 0, 0, 0], [0, 0, 0, 0, 0, 0, 0, 0, 0, 1, 1, 0, 1, 0, 1, 0, 0, 0, 0, 0], [0, 0, 0, 0, 0, 0, 0, 0, 0, 1, 0, 0, 1, 1, 1, 0, 0, 0, 0, 0], [0, 0, 0, 0, 0, 0, 0, 0, 1, 1, 0, 0, 0, 1, 0, 0, 0, 0, 0, 0], [0, 0, 0, 0, 0, 0, 0, 1, 1, 0, 0, 0, 0, 1, 1, 0, 0, 0, 0, 0], [0, 0, 0, 0, 0, 2, 0, 1, 0, 0, 0, 0, 0, 0, 1, 0, 0, 0, 0, 0], [0, 0, 0, 0, 2, 3, 2, 1, 0, 0, 0, 0, 0, 1, 1, 0, 0, 0, 0, 0], [0, 0, 0, 0, 0, 2, 0, 0, 0, 0, 0, 0, 0, 1, 0, 0, 0, 0, 0, 0], [0, 0, 0, 0, 0, 0, 0, 0, 0, 0, 0, 0, 0, 0, 0, 0, 0, 0, 0, 0], [0, 0, 0, 0, 0, 0, 0, 0, 0, 0, 0, 0, 0, 0, 0, 0, 0, 0, 0, 0]]
colors = {-1: (0, 0, 0), 0: (100, 100, 230), 1: (70, 230, 40), 2: (200, 200, 100), 3: (60, 60, 10)}
piece_size = 1

